Taxa	33-16	4722	A239	A554	A619	A635	A659	A680	B10	B105	B14A	B37	B57	B73	B76	B84	C123	CH9	CI21E	CI3A	CI90C	CM174	CML10	CML11	CML157Q	CML220	CML247	CML261	CML281	CML314	CML323	CML332	CML38	CML52	CML77	CMV3	CO255	DE3	E2558W	F44	GA209	H49	H95	HP301	I205	IA5125	IDS91	IL677A	K55	KI14	KI3	KY21	L317	M162W	MO17	MO24W	MO46	MP339	MS71	N28HT	NC222	NC236	NC258	NC264	NC296	NC300	NC306	NC318	NC326	NC336	NC342	NC348	NC354	NC360	NC366	OH40B	OH603	P39	PA880	R168	R4	SC357	SD44	T232	TX303	TZI11	TZI25	U267Y	VA17	VA35	VA99	W153R	W22	WF9
33-16	0.0	0.26978967495219885	0.2935516542876435	0.27779661016949153	0.2892140183735965	0.2963152507676561	0.27853725222146275	0.3506979911474294	0.29186440677966097	0.2934819317798041	0.3115942028985508	0.2766317213391951	0.28219503907577304	0.35622895622895623	0.27254237288135597	0.32217714672075726	0.3026404874746107	0.287780803267529	0.2835998638992855	0.27018745493871665	0.28402872777017785	0.28698119900674	0.3023634881825591	0.29392808683853455	0.29051044878383003	0.3054128126070572	0.3271052631578948	0.28686833963561365	0.2797112180673824	0.30716489544052106	0.29836512261580383	0.2892819979188346	0.30153846153846153	0.31148648648648647	0.30212985228443834	0.2662987236978268	0.2861527967257844	0.27135135135135136	0.2661981487829962	0.26928281461434367	0.26449399656946826	0.2853011228308948	0.29559322033898305	0.3013993541442411	0.2877710027100271	0.2953338391502276	0.29423728813559324	0.30513081889228677	0.25769769069279214	0.28228591160220995	0.301864406779661	0.27314035678222826	0.28035775713794286	0.2863394216133942	0.2892953929539296	0.2778378378378379	0.28722316865417374	0.29007633587786263	0.2918209357118815	0.3024096385542169	0.26419585175110505	0.2816683831101957	0.2656356220258328	0.29724677090414686	0.28828522920203736	0.29106239460371	0.31262729124236255	0.2802385008517888	0.34329618372171566	0.2949324324324324	0.27136834036029134	0.2927575654539273	0.2964858410098943	0.2869047619047619	0.28165418652144314	0.2922033898305084	0.29413758048119276	0.31865899085675586	0.2845266372582287	0.2880027266530334	0.2922606924643585	0.2891156462585034	0.2560435818862785	0.2704168078617418	0.2810810810810811	0.30242673992673996	0.2985253772290809	0.27979626485568765	0.26702200825309486	0.2785154919986381	0.2851012701682115	0.2738539898132428	0.27635726795096327	0.28099455040871935
4722	0.26978967495219885	0.0	0.2807116104868914	0.2629099133056917	0.2754253308128545	0.29734848484848486	0.2807151007987828	0.34014377601210743	0.3058912386706949	0.27681920480120026	0.30891719745222934	0.2794505080918329	0.2668178382464097	0.3551646706586826	0.28172205438066467	0.30673692133985697	0.28456048084147256	0.29954699886749714	0.27289931869795614	0.26244075829383884	0.26317785362153967	0.2864992150706437	0.30457665903890163	0.29139947189739723	0.28032036613272315	0.2876581065542353	0.30495169082125606	0.3000381970970206	0.2703358963982193	0.2960426179604262	0.2752659574468085	0.28215527230590964	0.27771450265755504	0.2950018789928598	0.2871004566210046	0.2737044145873321	0.2718832891246684	0.2701355661881978	0.2667300380228137	0.2523469770935036	0.2856596558317399	0.2685465556396669	0.2890654559213015	0.17818617658809432	0.2821187077385424	0.2817679558011049	0.1563560920407393	0.2680256700641752	0.2797527047913446	0.2842987804878049	0.29518072289156627	0.2753650318232872	0.2571592210767468	0.28528784648187633	0.2840481565086531	0.2662156784719458	0.28090737240075614	0.27775636083269084	0.2884687383002621	0.2861238532110092	0.2727788279773157	0.27680274704311336	0.26709482432942955	0.28452516080211876	0.2842323651452282	0.3031555221637866	0.3096859629209232	0.28314393939393945	0.3404135338345865	0.28756574004507884	0.29154457932189204	0.28971255673222396	0.284819734345351	0.265695915279879	0.2716446124763705	0.28320754716981134	0.2824528301886793	0.281038374717833	0.2738050432818969	0.2760121074536511	0.28964218455743884	0.2613378684807256	0.27836611195158856	0.26910048927361685	0.2901466716810831	0.28705583756345177	0.28928299008390546	0.26248108925869895	0.2715648854961832	0.2808453922315308	0.2713519724243585	0.2755295007564297	0.26909654905001934	0.2664523449319214
A239	0.2935516542876435	0.2807116104868914	0.0	0.27892287234042556	0.2925283522348232	0.29232316459939656	0.24237344954743545	0.3343917112299465	0.27622377622377625	0.2869694960212201	0.3035714285714286	0.29000664010624166	0.27309103034344784	0.3444517833553501	0.2911392405063291	0.30086292731496844	0.2887043189368771	0.27161936560934896	0.30778223112892455	0.28356358483882393	0.28113460892917086	0.28681088625261686	0.3206304868316041	0.3082556591211718	0.2940780619111709	0.307510148849797	0.33801737353091466	0.30013527223537373	0.28701677607585707	0.31203765971755215	0.3086461126005362	0.30188356164383556	0.3038590604026845	0.3019243530192436	0.30765340525960894	0.28501019714479947	0.3077695914266577	0.2920212765957447	0.2798720969370583	0.287255227348158	0.29324324324324325	0.2777963272120201	0.28995662328995664	0.3105448154657293	0.2839813891658358	0.2870955745630346	0.3028638028638029	0.3010680907877169	0.2879048931771192	0.29000000000000004	0.31887670322366235	0.2937582562747688	0.2767433987813135	0.30216095380029806	0.2959081836327345	0.29240282685512364	0.28877721943048573	0.2932266848196051	0.23968306371739845	0.28518267929634644	0.30006675567423235	0.2781523937963587	0.2897632544181393	0.30304042766455064	0.2903762903762904	0.31030483764082173	0.3174232309746329	0.3043114973262032	0.33366533864541836	0.2984084880636605	0.3007547169811321	0.3094761428094761	0.29286671131949094	0.29264214046822745	0.303374540594721	0.3020659780073309	0.2982689747003995	0.3107344632768362	0.28245672436751	0.2694750919424942	0.24009324009324007	0.296562082777036	0.25633755837224814	0.2885447885447886	0.29147312541473125	0.30536761389264777	0.3070826306913996	0.2828552368245497	0.2683462969225566	0.2864355435880175	0.26863143631436315	0.26808936312104037	0.2314560439560439	0.26711185308848084
A554	0.27779661016949153	0.2629099133056917	0.27892287234042556	0.0	0.3027461486939049	0.2880013481631277	0.27199191102123355	0.32846592816381337	0.28600133958472873	0.281406197934022	0.29581673306772904	0.27635090060040024	0.2727882037533512	0.3400198938992043	0.27645679839249837	0.3038333333333333	0.28792930976992326	0.24303457536085937	0.28787369835404775	0.27394090423638306	0.27453625632377743	0.27094286715737825	0.3125250903251706	0.30020080321285136	0.29182156133828996	0.2953464673913043	0.3401744484350949	0.30288624787775886	0.271978021978022	0.30016891891891895	0.2988911290322581	0.2888583218707015	0.29514824797843664	0.29966666666666664	0.29115853658536583	0.2618641174462274	0.3018169582772544	0.26544091395930025	0.2830060934326337	0.29109703234411466	0.28726655348047536	0.21898054996646543	0.29059256779377307	0.3038108680310515	0.2968280467445743	0.3074476047904192	0.30327868852459017	0.3173592493297587	0.2816608996539792	0.29884077736106374	0.29806408544726304	0.2887230514096186	0.27252635158109484	0.31278110944527737	0.2844021376085505	0.2831025914093007	0.27895622895622896	0.28520164046479834	0.28310653833388644	0.29296875	0.297079556898288	0.2780974949221394	0.283752093802345	0.2949664429530201	0.2982926012721795	0.30601728723404253	0.3058350100603622	0.3001343634531407	0.33188937020993003	0.29633333333333334	0.291350531107739	0.3066085206306608	0.28977463841237805	0.28830645161290325	0.2894295302013423	0.2856664434025452	0.2862633689839572	0.3165	0.2697060788243153	0.2798657718120805	0.2836345381526104	0.2877469032474054	0.2655149278765515	0.2967235038448679	0.29254079254079257	0.31103074141048825	0.28738555442522884	0.26515912897822447	0.25382262996941896	0.2884160756501182	0.27649456521739135	0.2831325301204819	0.2691511387163561	0.19070781616907073
A619	0.2892140183735965	0.2754253308128545	0.2925283522348232	0.3027461486939049	0.0	0.3108747044917257	0.2816519972918077	0.3578646008757157	0.30836412495801147	0.30872034747744737	0.3171057019006336	0.29002009377093096	0.28345662407531946	0.37379287379287385	0.2904633982538617	0.32424749163879596	0.2976588628762542	0.3002694509936006	0.30626684636118595	0.26912080057183707	0.28721244925575107	0.289732770745429	0.3291900561347233	0.31403155421282314	0.30549898167006106	0.31281963859529494	0.34609494640122507	0.30849249658935884	0.2900735294117647	0.31154757873349137	0.31684672518568535	0.32182320441988954	0.3066260987153482	0.31851604278074863	0.31625381744146586	0.28104686965446457	0.3041132838840189	0.2865068002863278	0.2950458092975907	0.3091334894613583	0.2812819638595295	0.2848484848484848	0.18497983870967738	0.3191940615058324	0.31836461126005366	0.30198204936424833	0.31057046979865777	0.29438466711499667	0.30246699096594853	0.30933652530779754	0.323558981233244	0.2935108153078203	0.2796725784447476	0.31109445277361314	0.29112227805695146	0.2882562277580071	0.2921310368118879	0.2875	0.3063227953410982	0.3131605864302762	0.29016503873358035	0.2885985748218527	0.28441602154156853	0.3118261455525606	0.3202284946236559	0.328437917222964	0.33708809683927365	0.3126053252443546	0.36349949815991967	0.32647943831494486	0.30529120669965737	0.32817233254796363	0.32511816340310606	0.29656449983159316	0.31477119784656793	0.19207521826729346	0.29785450888367415	0.3070997990622907	0.298086606243706	0.28768971332209103	0.27484889187374073	0.2991251682368775	0.2796096904441454	0.28912021490933515	0.30113636363636365	0.32147742818057456	0.3311247026843357	0.30531271015467387	0.27660300136425653	0.2860047441545239	0.27480395499488575	0.26158495634654133	0.2820069204152249	0.28908355795148244
A635	0.2963152507676561	0.29734848484848486	0.29232316459939656	0.2880013481631277	0.3108747044917257	0.0	0.30051020408163265	0.2684246112237999	0.23083417764268832	0.26627516778523486	0.08121657754010692	0.26059179556153333	0.29706477732793524	0.2717245989304813	0.2667004048582996	0.24503868146653207	0.31022880215343207	0.2980054090601758	0.2730808251606358	0.26586590175690217	0.3023728813559322	0.14524647887323938	0.34522370012091896	0.31913102054563824	0.30422199523323123	0.3085215605749486	0.37389953392024855	0.32078055460458743	0.28292143120619695	0.3174386920980926	0.31705662936588674	0.3221952908587258	0.3118206521739131	0.32991940899932837	0.29170931422722624	0.2886332417582418	0.3215374195733153	0.2645474137931034	0.2873465211459755	0.2866017461383479	0.3029733424470267	0.2943262411347518	0.30064145847400403	0.3348119233498935	0.295523392797038	0.30880692510350016	0.32979440512301994	0.31323877068557915	0.2826011157601116	0.32532601235415237	0.3329407806191117	0.290274064171123	0.2878165639972622	0.32176537155790264	0.3086502860989566	0.3147353361945636	0.2657627118644068	0.29277108433734944	0.3035415970598062	0.25419089976052	0.289553752535497	0.28839590443686003	0.3017212284846439	0.3204261075414271	0.31960850489368886	0.337248322147651	0.27999324095978373	0.3199661590524535	0.25965088956025517	0.3253275109170306	0.2827165204120564	0.333277027027027	0.3303389830508474	0.3027072758037225	0.3265720081135902	0.3093792172739541	0.30748482805124744	0.33389374579690656	0.2992922143579373	0.29386856368563685	0.29204583754634306	0.30965237934525813	0.28803245436105473	0.29548517520215634	0.31409395973154364	0.31708428246013665	0.2870307167235495	0.306136210384356	0.27678877096884624	0.29384772263766146	0.2731623931623932	0.2983108108108108	0.29014280738418674	0.28177822853279244
A659	0.27853725222146275	0.2807151007987828	0.24237344954743545	0.27199191102123355	0.2816519972918077	0.30051020408163265	0.0	0.32697501688048614	0.28106009453072245	0.29203093476798925	0.3045957732304596	0.2899428187016482	0.2821899290300778	0.3411528150134048	0.2907956844234659	0.29196098217288935	0.29845222072678335	0.28344056891296987	0.290776534418447	0.27297200287150036	0.27826975476839233	0.29355524079320117	0.3216457235508715	0.30914613567330407	0.2971039182282794	0.31449126413155193	0.33480979676915057	0.3000342700479781	0.2973372781065089	0.306787175989086	0.31014591109602985	0.29321094561828887	0.30112092391304346	0.2962340282447882	0.32159945317840055	0.2825637491385251	0.3066101694915254	0.28005759539236863	0.2892307692307692	0.2780955585464334	0.289140116478246	0.28356442340209675	0.28243243243243243	0.3042780748663102	0.30485338725985844	0.30407701019252553	0.30374620317246037	0.31765899864682	0.2957008039147151	0.30429553264604814	0.3292888439501179	0.2972566075610572	0.2698902606310014	0.3068482784714339	0.30634278002699056	0.29430719656283566	0.29093070652173914	0.293448275862069	0.27199732351957173	0.296435915010281	0.3003725025397901	0.28849436667804707	0.2842639593908629	0.3033175355450237	0.29712837837837835	0.3084677419354839	0.31078796077105175	0.3000338066260987	0.3299159663865546	0.2969747899159664	0.2928653624856157	0.32064297800338415	0.2935188327112318	0.2960013554727211	0.2971968929415738	0.296727395411606	0.31011804384485664	0.32121212121212117	0.28084962913014155	0.2780784844384303	0.27261985145172185	0.2838066260987153	0.28037225042301184	0.28843560350640596	0.28564223268325484	0.31046195652173914	0.3203418803418804	0.28810408921933084	0.2806506849315068	0.28861234231162636	0.27107607950651136	0.27417173766058145	0.2290794979079498	0.277269647696477
A680	0.3506979911474294	0.34014377601210743	0.3343917112299465	0.32846592816381337	0.3578646008757157	0.2684246112237999	0.32697501688048614	0.0	0.2663865546218488	0.2815112002674691	0.23306639973306642	0.2804755525787006	0.33400605449041376	0.031125166444740393	0.2881640887693342	0.19882943143812704	0.35149178679182036	0.3508771929824561	0.2965273095077545	0.3316672616922528	0.3423102981029811	0.28785211267605637	0.38763592428513893	0.3586774085263511	0.3649015614392397	0.3582878581173261	0.43391843056272583	0.3648141834299352	0.3346833578792342	0.3666101694915255	0.3574324324324324	0.35719213521904103	0.37199458178123945	0.3637428858386341	0.35328119687181236	0.33641658102089755	0.3544902093180283	0.30483870967741933	0.3490309418565114	0.33779712085704716	0.3479522184300341	0.3391114102995625	0.34791386271870794	0.37035069075451643	0.31857813547954394	0.36786786786786785	0.3585824655693651	0.36704813194210706	0.3205841446453408	0.3859439124487004	0.38622654155495983	0.346435709526982	0.3445922893210508	0.38308270676691725	0.3571428571428571	0.35037406483790523	0.33175675675675675	0.33018543956043955	0.3459360426382412	0.27643246930422916	0.3351296732906702	0.34826883910386963	0.357623695725345	0.37209302325581395	0.3562542030934768	0.36835950551286334	0.14477662075915354	0.3636516476126429	0.0535714285714286	0.3640013382402141	0.3000379794910748	0.3720538720538721	0.3640202702702703	0.35764824797843664	0.3637281292059219	0.35546218487394954	0.3416107382550335	0.38827470686767174	0.3346747149564051	0.3374957813027337	0.3187772925764192	0.3489232839838493	0.327946127946128	0.3441275167785235	0.35023427041499333	0.38003621548211863	0.280931339225017	0.3507563025210084	0.3228775997272417	0.34028484231943035	0.33304882212359166	0.33742847526085495	0.31811870878167303	0.3268194070080862
B10	0.29186440677966097	0.3058912386706949	0.27622377622377625	0.28600133958472873	0.30836412495801147	0.23083417764268832	0.28106009453072245	0.2663865546218488	0.0	0.2608477970627503	0.21088548601864177	0.2627883650952858	0.3008730691739423	0.26943521594684383	0.27178284182305634	0.23263193052772213	0.3057505850885991	0.2933355772467183	0.25757575757575757	0.3009275775954334	0.29266644136532616	0.22867672867672872	0.3260257441673371	0.30536013400335005	0.32492380629867934	0.31511746680286	0.36685625646328857	0.3169277929155313	0.29912023460410553	0.32418699186991873	0.3223684210526315	0.3261019283746557	0.31480229807367355	0.32342131640494487	0.30779661016949156	0.2841258980499487	0.31452156334231807	0.2728408279800143	0.2870464564259071	0.30564839572192515	0.30262261580381467	0.2777217741935484	0.3067114093959732	0.33994334277620397	0.2735943775100401	0.31814773153355835	0.3297587131367292	0.3254875588433087	0.2919847328244275	0.315105946684894	0.33244057582859055	0.3032268795741849	0.30449591280653954	0.31498873027798646	0.30837520938023455	0.3130558520099609	0.2749494268374916	0.2927958833619211	0.29148653142667114	0.2349438584552569	0.30067226890756305	0.2924016282225237	0.31579831932773106	0.31472763954270344	0.3185632762672037	0.3414471490496832	0.26578240429818667	0.3110699865410498	0.2585170340681363	0.32576010691613766	0.30114068441064634	0.33596638655462185	0.321247892074199	0.32053872053872057	0.34347679892400806	0.31166219839142095	0.2851640991292699	0.3361780455153949	0.27738693467336684	0.2800941492938803	0.2654155495978552	0.3032594086021505	0.28472922973427517	0.28793969849246226	0.3028074866310161	0.3197831978319783	0.28694915254237285	0.3008389261744966	0.2833333333333333	0.30274297324754484	0.2896798365122616	0.28921733288545515	0.2816608996539792	0.26910131268933024
B105	0.2934819317798041	0.27681920480120026	0.2869694960212201	0.281406197934022	0.30872034747744737	0.26627516778523486	0.29203093476798925	0.2815112002674691	0.2608477970627503	0.0	0.27466887417218544	0.2686815011624045	0.2732577525841947	0.29067460317460314	0.27849999999999997	0.2555666334330342	0.29893652376204716	0.2877469032474054	0.27935764469722313	0.29744590280241223	0.2823529411764706	0.28115183246073294	0.32920989624900243	0.3078333333333333	0.306136210384356	0.30792682926829273	0.32508924018357976	0.31436314363143636	0.2926250456370938	0.3079124579124579	0.30154207173985925	0.30856164383561646	0.30547163477677075	0.3119189907038512	0.3134278002699056	0.30023801428085684	0.3086212680308621	0.27329302987197723	0.28634064080944355	0.29033864541832666	0.2910750507099391	0.2911794186435015	0.2914858096828047	0.30907172995780585	0.27886855241264563	0.3015636634400596	0.30323225591469505	0.3053053053053053	0.2852951328960994	0.3032926001357773	0.315098104423013	0.2978196233894945	0.29074889867841414	0.30893854748603355	0.2851913477537438	0.3037168141592921	0.2797519275896748	0.30163320857434506	0.2987442167878387	0.24221921515561573	0.29695855614973266	0.2882928475033738	0.30671566989642496	0.3063815569662546	0.29636424282855234	0.3248756218905473	0.2678571428571429	0.31020066889632103	0.28187250996015933	0.30029880478087645	0.3004154078549849	0.3121657754010695	0.29289544235924936	0.3049514887922382	0.32158369528900765	0.30140186915887845	0.2973692973692974	0.32806784170269376	0.2883782883782884	0.2830599263475059	0.27481678880746174	0.30360721442885774	0.272302038088874	0.29166666666666663	0.29588450049784265	0.30505415162454874	0.2887537993920972	0.2922229639519359	0.27740189445196206	0.3001010441226002	0.2749746020995598	0.26920507682030725	0.2632575757575758	0.2747491638795987
B14A	0.3115942028985508	0.30891719745222934	0.3035714285714286	0.29581673306772904	0.3171057019006336	0.08121657754010692	0.3045957732304596	0.23306639973306642	0.21088548601864177	0.27466887417218544	0.0	0.26683250414593696	0.30479680213191207	0.23434410019775875	0.2768154563624251	0.22686567164179106	0.3147595356550581	0.3109552438209753	0.27293960627293956	0.275929203539823	0.3104257458933959	0.11844390413337968	0.3561179752889597	0.331283244680851	0.3158249158249158	0.31412639405204457	0.3905612244897959	0.32528696826468606	0.28178506375227685	0.318380376344086	0.3277015724322516	0.3258119658119658	0.31836461126005366	0.34227965540092775	0.30232166890982504	0.2978290366350068	0.33032128514056225	0.27756114852889047	0.3045087483176312	0.3095790520384488	0.3195336262250761	0.30313646980313647	0.3135198135198135	0.33871533871533877	0.28984063745019917	0.32063197026022305	0.3338875956102427	0.31887925283522345	0.28127147766323024	0.34310403253134536	0.3533709730986383	0.2934675024744309	0.293033479878255	0.3391061452513966	0.31727574750830567	0.32293868921775903	0.27005347593582885	0.30040802448146886	0.3053082756346851	0.2522780965237934	0.3035714285714286	0.2929989902389768	0.30512991339107265	0.3312770923641214	0.3318908122503329	0.34976836532097944	0.25808602867622543	0.32626127631139323	0.22442899702085406	0.33421662802252405	0.2843432442604441	0.34211403801267093	0.3424749163879599	0.31224966622162886	0.3376125375125042	0.31818181818181823	0.31304058549567526	0.3356005308560053	0.3117725307615564	0.2931840962245239	0.27853577371048255	0.32135728542914177	0.30300000000000005	0.296875	0.3185430463576159	0.335209365150833	0.28763893566857524	0.3152898067954697	0.29504048582995956	0.3057421087978509	0.27618243243243246	0.2945387945387945	0.2897356676965328	0.29162495829162494
B37	0.2766317213391951	0.2794505080918329	0.29000664010624166	0.27635090060040024	0.29002009377093096	0.26059179556153333	0.2899428187016482	0.2804755525787006	0.2627883650952858	0.2686815011624045	0.26683250414593696	0.0	0.28373413493653976	0.28547800198478335	0.046105193075898776	0.24875207986688852	0.31607856191744343	0.2960790884718498	0.274798927613941	0.26349431818181823	0.3006393001345895	0.2646132306615331	0.3377298161470823	0.3153769179452969	0.2981775227809652	0.3182588075880759	0.3407692307692308	0.31288135593220334	0.2832845647403073	0.31485849056603776	0.3096037609133647	0.3090909090909091	0.3190988567585743	0.31355932203389836	0.30998987512656095	0.28809523809523807	0.29852249832102085	0.2176386913229018	0.28716216216216217	0.290585495675316	0.29481531684174855	0.28736208625877635	0.2817513368983957	0.3214663376806486	0.2817394201932689	0.3023907358983937	0.3094761428094761	0.3105351170568562	0.2976848652384243	0.3114586875212513	0.332001332001332	0.2926587301587301	0.30844927044451986	0.3090875093492894	0.2979006997667444	0.29337818696883855	0.25529056096741687	0.31412005457025916	0.2858087992060867	0.2470389170896785	0.28466175485599465	0.27550675675675673	0.30886287625418063	0.30749916303983926	0.30738389575676583	0.32342192691029903	0.2209030100334448	0.30536013400335005	0.26113696808510634	0.3117940199335548	0.30174044646235343	0.3162207357859532	0.3110738255033557	0.3004694835680751	0.3130856760374833	0.2884808013355593	0.29162495829162494	0.32628951747088186	0.2928333333333333	0.2847082494969819	0.28244911578244913	0.3102641257104647	0.2815322850451656	0.27375791930643545	0.30701462765957444	0.31822282363554355	0.2913425769360839	0.29531772575250836	0.27597292724196276	0.29132928475033737	0.27568667344862663	0.2847826086956522	0.2762249827467219	0.2720268006700167
B57	0.28219503907577304	0.2668178382464097	0.27309103034344784	0.2727882037533512	0.28345662407531946	0.29706477732793524	0.2821899290300778	0.33400605449041376	0.3008730691739423	0.2732577525841947	0.30479680213191207	0.28373413493653976	0.0	0.34408244680851063	0.28161690707816167	0.31506849315068497	0.29471748579070545	0.27988582941571527	0.2739818243015819	0.26097038886906887	0.28072248480756246	0.289603090972954	0.31607574536663985	0.30160857908847183	0.29315022041369954	0.2994215719632528	0.331353305785124	0.2899216887980933	0.2835656639765224	0.29255499153976317	0.29116059379217274	0.2891379310344827	0.29460370994940976	0.2832331329325317	0.29823967501692616	0.28017094017094013	0.2949409780775717	0.273068669527897	0.2823728813559322	0.292361574382922	0.28034682080924855	0.2829079919408999	0.29852249832102085	0.3105765829501238	0.2784471218206158	0.29535232383808097	0.30679156908665106	0.3067762495806776	0.2831367106176267	0.29039972668261016	0.31287625418060205	0.2804188829787234	0.2684838160136286	0.303343350864012	0.2854034147974557	0.2649253731343284	0.27875210792580096	0.29339267374186917	0.27792553191489366	0.29765545361875634	0.2866756393001346	0.27847457627118644	0.2925764192139738	0.298086606243706	0.2984899328859061	0.2925283522348232	0.306619623655914	0.30550890157877053	0.3336673346693386	0.2964941569282137	0.29038388445457997	0.3023177695666779	0.29175084175084176	0.30501345895020193	0.3012432795698925	0.29859013091641495	0.2843498659517426	0.3216315613507188	0.29195979899497493	0.27702930279555404	0.2876964226011367	0.2699530516431925	0.27710641154749915	0.2650703281982585	0.2723631508678238	0.27657168701944823	0.2946671195652174	0.28626595030221624	0.28515491998638065	0.28810975609756095	0.28228279386712096	0.2604096709200806	0.2555440055440056	0.2787685060565276
B73	0.35622895622895623	0.3551646706586826	0.3444517833553501	0.3400198938992043	0.37379287379287385	0.2717245989304813	0.3411528150134048	0.031125166444740393	0.26943521594684383	0.29067460317460314	0.23434410019775875	0.28547800198478335	0.34408244680851063	0.0	0.29364815430661784	0.19960278053624625	0.3622972525653757	0.35695231743914635	0.30120080053368914	0.3428874734607219	0.34516237027117513	0.2899860917941586	0.4025844930417495	0.3727604512276045	0.3757555406312961	0.36934503713706957	0.45424504321301473	0.3719203509956126	0.3435571687840291	0.3788132752262823	0.36016666666666663	0.3681693989071039	0.38123118099698894	0.37351190476190477	0.3622311827956989	0.3445121951219512	0.36346925133689845	0.31826241134751776	0.35478991596638654	0.3505461767626614	0.3551433389544688	0.3483183483183483	0.35567010309278346	0.3836191809590479	0.32885572139303487	0.37602078693392726	0.37238632592100895	0.3719613719613719	0.3248539016844276	0.39001692047377323	0.3893673401788672	0.35359025032938074	0.3593855503038488	0.39064240623839586	0.37213930348258706	0.3636843959140542	0.34057486631016043	0.3410708234496781	0.35297991438919984	0.27828282828282824	0.34862080425390496	0.35903897849462363	0.36676646706586824	0.3830389870043319	0.3624127617148555	0.37590879048248516	0.13822355289421162	0.3747915971990664	0.031911375661375696	0.37446245451538207	0.30233433734939763	0.3804528804528805	0.37391738840772815	0.3701233744581527	0.37316910785619173	0.36531426671100764	0.34971770176021255	0.4001322751322751	0.34283819628647216	0.34911637212404134	0.32846230488209893	0.3627744510978044	0.3377748167888075	0.3478910660909996	0.35532407407407407	0.39427412082957625	0.2818701648166835	0.35887632978723405	0.3315345699831366	0.348489932885906	0.34245187436676794	0.34221038615179755	0.3301951386511469	0.3358333333333333
B76	0.27254237288135597	0.28172205438066467	0.2911392405063291	0.27645679839249837	0.2904633982538617	0.2667004048582996	0.2907956844234659	0.2881640887693342	0.27178284182305634	0.27849999999999997	0.2768154563624251	0.046105193075898776	0.28161690707816167	0.29364815430661784	0.0	0.2632809889742733	0.31901737967914434	0.2964021519838601	0.2818701648166835	0.275320970042796	0.29918864097363085	0.27520196698278887	0.33527521092808354	0.3157453936348409	0.30071114121232645	0.32226762002042897	0.3387429160226687	0.3140960163432074	0.2861600587371512	0.3161814488828707	0.3127101546738399	0.31445783132530125	0.3156028368794326	0.323656990323657	0.3046132971506106	0.29685362517099867	0.2992922143579373	0.22616922527668692	0.29165252799457075	0.2901069518716578	0.28855975485188967	0.2935841451125294	0.28422818791946314	0.32855626326963905	0.29056540649046503	0.3055138784696174	0.3157013726146636	0.3174336580450118	0.29330093717459216	0.3095319439699351	0.33149448345035104	0.28357712765957444	0.30408858603066435	0.31311044327573256	0.3035117056856187	0.2874155705652328	0.2607816711590296	0.3073363044223517	0.29425440053138496	0.25671997277985714	0.2821848739495798	0.27698574338085535	0.3107563025210084	0.30608812647157757	0.30851777330650565	0.3180453635757171	0.23303091397849462	0.30211835911230667	0.27662771285475796	0.31408544726301735	0.30041856925418564	0.31564808596373406	0.3146711635750422	0.3053216571236106	0.32055163134880593	0.29140180662428905	0.29628389688650825	0.3381812102975593	0.28576214405360134	0.2923671822461331	0.2823608316566063	0.3107563025210084	0.29072892173328857	0.2721794442584533	0.3001669449081803	0.31659882406151063	0.29426729986431477	0.30154466084620546	0.2741660993873384	0.29079214624238325	0.28186775732788005	0.29144295302013423	0.2767764298093588	0.27742261103633914
B84	0.32217714672075726	0.30673692133985697	0.30086292731496844	0.3038333333333333	0.32424749163879596	0.24503868146653207	0.29196098217288935	0.19882943143812704	0.23263193052772213	0.2555666334330342	0.22686567164179106	0.24875207986688852	0.31506849315068497	0.19960278053624625	0.2632809889742733	0.0	0.32057256990679095	0.3188065705665437	0.26794097920858484	0.2923186344238976	0.31701984527413385	0.25349650349650354	0.3731492597038816	0.3390593729152769	0.3229237002025659	0.33316395663956644	0.3810380267214799	0.34300746775288526	0.3154239766081871	0.34120026972353334	0.3237071860308932	0.33179012345679015	0.3305882352941176	0.3435837765957447	0.3331643002028397	0.3151618398637138	0.32291666666666663	0.2904372555990046	0.316722972972973	0.3129783693843594	0.31326322930800543	0.30287817938420347	0.30695884911341587	0.33985890652557316	0.29200000000000004	0.3368834080717489	0.32905270180120083	0.3484442957510874	0.2960027567195038	0.349098332766247	0.3515989340439707	0.3080105925190334	0.30620549338758907	0.3503922301083302	0.3348899266177452	0.3190999291282778	0.3021148036253777	0.30136518771331056	0.3039735099337748	0.2409475465313029	0.3077952492472399	0.3228040540540541	0.3220735785953177	0.3352882037533512	0.3277128547579299	0.3504812479256555	0.22220367278797992	0.3292601272179444	0.20501328021248344	0.33471898902560693	0.2914620324896109	0.33628762541806023	0.3312646762831265	0.3170241286863271	0.3306020066889632	0.316677807486631	0.31010336778926306	0.3501498501498501	0.3101434768101434	0.30516431924882625	0.29466666666666663	0.32095046854083	0.3049514887922382	0.3054721388054722	0.3163672654690619	0.3303289770166742	0.29763113367174276	0.31120401337792647	0.3029481531684175	0.3215249662618084	0.30230586639538826	0.3003003003003003	0.2825637491385251	0.29825737265415553
C123	0.3026404874746107	0.28456048084147256	0.2887043189368771	0.28792930976992326	0.2976588628762542	0.31022880215343207	0.29845222072678335	0.35149178679182036	0.3057505850885991	0.29893652376204716	0.3147595356550581	0.31607856191744343	0.29471748579070545	0.3622972525653757	0.31901737967914434	0.32057256990679095	0.0	0.29959785522788207	0.31260476030841433	0.2778172769285461	0.28987213997308214	0.2939118264520644	0.3102481985588471	0.2954621287954621	0.3011152416356877	0.30482009504412766	0.336577868852459	0.3025780189959294	0.28500914076782446	0.31136210384356033	0.3059100067159167	0.3051457975986278	0.3078345662407532	0.3092149035262808	0.3189189189189189	0.2828678474114441	0.2952332997650218	0.27188612099644127	0.3029739776951673	0.3035952063914781	0.2866101694915254	0.2987947773685973	0.29581939799331103	0.3053502287926786	0.3105	0.286034353995519	0.29733333333333334	0.29849498327759194	0.2901832008295887	0.2984008166042872	0.3238333333333333	0.2956953642384106	0.2773821634452357	0.3191847419596111	0.22845257903494176	0.28940843074743183	0.2857622565480188	0.2895634379263301	0.31293417135296064	0.3123941754148324	0.286240374958152	0.2899797570850202	0.20006680026720103	0.30281218613993977	0.30504510524557304	0.3143473928927266	0.3299296953465015	0.3063651591289782	0.35341098169717133	0.3032568959787305	0.23516068052930061	0.3154901304784209	0.3086461126005362	0.2689343163538874	0.28229585006693436	0.26813774657305245	0.2893595730486991	0.29070929070929075	0.2998330550918197	0.29453203622945323	0.28471295060080104	0.29089996654399464	0.296587487453998	0.30360721442885774	0.31229235880398676	0.3264108352144469	0.3184433164128596	0.3026403743315508	0.2870464564259071	0.24545148247978432	0.28438030560271643	0.2876254180602007	0.2922413793103448	0.2975871313672922
CH9	0.287780803267529	0.29954699886749714	0.27161936560934896	0.24303457536085937	0.3002694509936006	0.2980054090601758	0.28344056891296987	0.3508771929824561	0.2933355772467183	0.2877469032474054	0.3109552438209753	0.2960790884718498	0.27988582941571527	0.35695231743914635	0.2964021519838601	0.3188065705665437	0.29959785522788207	0.0	0.2660040431266847	0.276824034334764	0.28808395396073117	0.28787878787878785	0.29923633440514474	0.28823529411764703	0.2949982987410684	0.29644808743169404	0.33161423414130997	0.28785811732605726	0.2774300441826215	0.3025110281642348	0.31023994592767823	0.299861735222952	0.29407783417935707	0.30190890823844607	0.28998302207130733	0.2775873886223441	0.2988175675675676	0.2774991042637047	0.27062818336162986	0.29668674698795183	0.2843037112700034	0.20077415011780542	0.29700134770889486	0.31475583864118895	0.29785450888367415	0.3125703564727955	0.3162307176391683	0.3247561385805584	0.2834549878345499	0.29393627954779034	0.31851727608185176	0.2961051930758988	0.2790498974709501	0.2963171739947388	0.2992614971466935	0.2896613190730838	0.2992565055762082	0.28846153846153844	0.30889703432189275	0.30334014996591685	0.2896865520728008	0.28751275944198706	0.29845222072678335	0.2976110363391655	0.2872519340733266	0.3118729096989966	0.32165712361064336	0.2988195615514334	0.3529313232830821	0.30274155800735536	0.3025514089870526	0.2974065341865948	0.2921595133491044	0.2928764348413234	0.2829013800067317	0.3014804845222072	0.28981854838709675	0.33735343383584593	0.26359060402684564	0.2966587917651029	0.28463602817846356	0.2967698519515478	0.2521885521885522	0.2898623699227929	0.2928380187416332	0.31457103949160237	0.2997618237495747	0.27447023208879917	0.242072962836686	0.3012907608695652	0.2890331397335155	0.2749158249158249	0.2616400277970813	0.18790023592854732
CI21E	0.2835998638992855	0.27289931869795614	0.30778223112892455	0.28787369835404775	0.30626684636118595	0.2730808251606358	0.290776534418447	0.2965273095077545	0.25757575757575757	0.27935764469722313	0.27293960627293956	0.274798927613941	0.2739818243015819	0.30120080053368914	0.2818701648166835	0.26794097920858484	0.31260476030841433	0.2660040431266847	0.0	0.2643801357627724	0.28665763630206564	0.2682282493835858	0.3234463276836158	0.3035954301075269	0.28600543478260865	0.29601226993865026	0.33419555095706155	0.2987035141589901	0.28003663003663004	0.30050847457627117	0.29689084150050693	0.3051432516396272	0.2920189381129523	0.3013056578506863	0.30234534330387497	0.288923182441701	0.2852314971274079	0.26738351254480286	0.2782505105513955	0.2802878179384204	0.28243105209397346	0.28116576819407013	0.3003028263795424	0.3023420865862314	0.29107981220657275	0.30026305900037575	0.2973472128945601	0.3033670033670034	0.29144942648592287	0.3008213552361396	0.31751090238175106	0.29480346435709526	0.2888092801091777	0.317394578313253	0.3030506201810258	0.2917997870074548	0.26545086119554206	0.29511859745617053	0.29506831056314564	0.2746502900034118	0.29221435793731043	0.29669955767267775	0.3029946164199192	0.2964081906680094	0.30376977448670484	0.31895687061183553	0.2864355435880175	0.3018200202224469	0.2932305630026809	0.2959491128222297	0.2885345482156416	0.30077467160660154	0.2911328388401888	0.28995279838165877	0.3126053252443546	0.2977150537634409	0.2877057440376217	0.335290171083529	0.2745130960376091	0.27910901113736075	0.2718413978494624	0.28086108308106295	0.26691349713901047	0.2635203224722875	0.294206296048225	0.2904611211573237	0.29366700715015326	0.2878532974427994	0.2722637661454793	0.29261267366994237	0.28749572941578405	0.28516150740242263	0.27144841959013544	0.27048903878583475
CI3A	0.27018745493871665	0.26244075829383884	0.28356358483882393	0.27394090423638306	0.26912080057183707	0.26586590175690217	0.27297200287150036	0.3316672616922528	0.3009275775954334	0.29744590280241223	0.275929203539823	0.26349431818181823	0.26097038886906887	0.3428874734607219	0.275320970042796	0.2923186344238976	0.2778172769285461	0.276824034334764	0.2643801357627724	0.0	0.2741645706072584	0.2532347504621072	0.30039011703511054	0.2902421652421653	0.27015838732901365	0.2813852813852814	0.30408858603066435	0.2992779783393502	0.2666034155597723	0.2745238950772547	0.2870470039468963	0.2835032774945375	0.28427853553481697	0.28921220723917673	0.297550432276657	0.2625181422351234	0.2867910983488873	0.26069170695425814	0.27612208258527826	0.26517571884984026	0.2848397551314368	0.2765881513204854	0.2775597574027827	0.28833081570996977	0.28733997155049784	0.29526294660778807	0.28581610833927296	0.29992854590925333	0.2753942060872754	0.2860481841064365	0.2978988603988604	0.263343937787204	0.2571890726096333	0.29322853688029016	0.2791028835884657	0.268145919518616	0.28612303290414876	0.27514577259475215	0.28606789250353604	0.29222423146473775	0.2796852646638054	0.2788980914656104	0.273197715917202	0.3055754110078628	0.28568885724457105	0.2918143160878809	0.3161370938950375	0.29531641043975687	0.33043323863636365	0.2885501595179014	0.29855694227769114	0.30214285714285716	0.30423090713517387	0.28160714285714283	0.27807582260371955	0.2775401069518717	0.2865528281750267	0.31347795163584635	0.2902421652421653	0.27425707124955245	0.2864527629233512	0.2815291175419793	0.2859436318230467	0.25347098611605556	0.2850799289520426	0.2859941234084231	0.29190647482014387	0.2830121341898644	0.27078085642317384	0.2769809967730369	0.2775171418260556	0.26142041399000715	0.26197440585009146	0.27501786990707644
CI90C	0.28402872777017785	0.26317785362153967	0.28113460892917086	0.27453625632377743	0.28721244925575107	0.3023728813559322	0.27826975476839233	0.3423102981029811	0.29266644136532616	0.2823529411764706	0.3104257458933959	0.3006393001345895	0.28072248480756246	0.34516237027117513	0.29918864097363085	0.31701984527413385	0.28987213997308214	0.28808395396073117	0.28665763630206564	0.2741645706072584	0.0	0.30535966149506344	0.30064568200161423	0.29214430209035736	0.2868349249658936	0.29393627954779034	0.3261546445251686	0.2852739726027397	0.26616180273365353	0.30276167746334814	0.30492359932088287	0.2988904299583911	0.28370118845500847	0.289172831203766	0.29054284738818714	0.2852475928473177	0.3013884185573993	0.2956834532374101	0.27925622654384175	0.2833389318105475	0.27705479452054793	0.23961499493414384	0.1998986143967557	0.3057234269463207	0.2997307303938068	0.3051166290443943	0.3040107853050219	0.315140250084488	0.28808525506638716	0.2866231086657497	0.2981125716211661	0.2966555183946489	0.2876970527758739	0.2861184458694832	0.2928884395011796	0.27926960257787325	0.28927723108245673	0.2940669196274578	0.30957161981258363	0.28700854700854705	0.2890915231340764	0.2762619372442019	0.26519243754220123	0.27751439214358276	0.2845816464237517	0.3004025494800403	0.31710615280595	0.28556910569105687	0.33226783310901753	0.2964393684917702	0.2831993876769996	0.2936507936507936	0.2879918588873813	0.2717905405405405	0.29885251434357074	0.2685685347738015	0.2775530839231547	0.3178451178451178	0.26254631188952504	0.28644067796610173	0.27462887989203777	0.2793371660466689	0.2878634212305612	0.30669582772543746	0.2787298387096774	0.2945330296127563	0.29627732240437155	0.28581081081081083	0.2702331961591221	0.2882453151618398	0.29591486440096126	0.27745860087867524	0.24756267409470756	0.2691266079891672
